1.050 23.543 20.330
33.350 24.400 48.987
15.012 36.838 83.284
30.864 7.964 86.894
29.420 21.541 31.399
1.599 4.656 37.445
6.893 7.636 99.853
18.828 5.763 1.467
1.356 16.115 54.166
23.847 25.071 61.717
7.649 27.522 46.079
15.085 3.282 61.768
32.333 33.104 52.988
13.078 36.039 73.668
39.236 38.029 54.935
6.694 19.483 24.533
35.490 9.384 78.966
34.746 40.872 100.969
25.460 16.698 27.621
12.891 34.606 3.374
16.035 4.705 68.721
3.249 1.352 92.879
12.035 11.916 59.791
28.647 34.504 73.649
20.398 9.214 75.374
19.738 19.318 95.916
30.778 5.331 60.905
16.409 30.400 61.897
23.896 15.454 16.155
10.004 18.006 81.288
21.684 40.600 76.155
14.822 7.759 66.731
20.676 3.542 70.976
21.192 6.900 95.958
6.663 37.205 70.289
13.122 18.062 8.038
39.665 28.327 16.323
36.090 33.867 59.205
8.654 8.116 82.719
20.011 7.222 51.392
30.281 17.224 28.958
23.750 28.290 76.585
29.877 20.012 13.302
15.712 34.387 4.510
21.681 27.519 43.622
5.187 38.974 93.138
22.982 14.840 48.172
15.999 34.879 32.687
19.244 11.876 99.297
12.912 30.568 57.728
8.840 31.453 84.944
16.906 21.036 90.016
2.099 40.785 58.259
3.020 22.253 20.407
34.722 26.070 66.761
8.914 34.686 13.333
5.397 30.725 32.407
38.643 12.443 34.631
6.611 30.323 84.462
29.320 25.010 75.722
11.109 6.779 1.162
3.440 33.250 86.263
9.423 5.624 56.321
1.570 5.551 46.451
31.089 28.446 55.344
3.955 18.469 21.194
28.849 12.614 44.669
10.297 24.115 54.258
26.147 7.408 51.414
39.522 28.830 93.480
8.598 14.438 18.835
40.807 19.298 100.802
4.900 26.007 10.439
18.509 38.261 5.843
36.785 12.601 23.730
31.763 17.429 21.197
26.123 25.166 46.161
19.654 24.913 64.472
35.192 34.152 63.477
29.836 23.630 38.513
8.371 30.516 56.513
37.203 10.715 19.894
25.189 28.940 59.461
15.052 20.778 9.039
30.630 25.482 63.038
28.645 33.181 15.911
24.041 35.709 92.156
25.588 30.107 5.321
27.711 40.061 32.501
23.768 13.233 18.392
5.342 35.762 86.122
30.773 7.195 33.691
4.174 4.064 65.098
33.800 22.804 45.826
17.359 12.950 47.556
21.048 7.106 33.304
30.520 13.555 83.669
39.363 35.934 73.503
13.002 38.760 13.723
3.629 32.399 53.458
25.386 39.245 8.227
36.025 27.154 33.212
5.192 21.202 23.709
12.612 37.799 56.116
27.512 5.581 50.254
16.165 20.872 80.336
21.370 16.295 69.816
22.286 25.251 40.518
1.236 29.315 11.062
25.923 35.530 50.150
30.893 20.876 39.011
32.415 23.112 36.710
39.229 26.234 18.658
15.970 6.265 75.328
39.069 25.480 3.783
14.194 3.236 64.921
6.265 34.883 87.431
24.875 29.866 86.397
1.587 6.059 71.791
25.686 9.703 7.595
7.757 25.964 35.098
13.776 15.703 67.100
33.096 33.275 53.654
25.444 32.927 91.060
6.792 26.207 41.242
11.148 6.462 86.519
3.647 18.112 58.335
13.091 22.922 23.556
13.454 5.425 81.804
6.388 12.370 79.811
36.809 32.585 75.380
25.609 15.445 86.665
10.140 35.543 23.944
10.982 22.696 99.483
3.152 4.257 53.467
18.072 4.787 26.880
36.661 10.311 15.655
6.004 38.266 9.011
2.884 3.349 34.641
37.588 16.944 44.278
38.847 34.487 54.423
34.684 28.741 40.769
11.367 1.173 53.559
39.192 16.948 25.110
24.422 11.205 69.401
38.811 18.420 90.022
1.287 38.639 61.155
32.446 24.067 15.243
9.893 16.320 1.427
17.717 4.290 66.993
35.204 3.594 82.106
27.483 28.660 81.270
22.205 28.425 15.277
28.580 30.116 78.773
2.243 35.747 65.452
29.263 4.418 56.199
38.916 3.351 28.497
6.807 40.271 62.998
12.690 37.899 37.753
28.782 9.745 16.592
10.622 21.858 91.228
5.257 37.106 45.172
4.204 32.284 18.179
39.976 32.035 88.039
9.426 19.265 1.375
31.025 5.562 41.471
13.445 40.705 4.858
11.083 8.571 25.769
7.140 25.813 89.537
38.563 8.826 78.966
26.822 27.270 91.915
19.218 37.852 67.417
7.030 26.454 57.954
17.882 38.721 55.057
24.143 22.458 26.529
16.878 15.010 4.662
32.810 8.860 8.028
16.577 24.630 8.093
8.907 7.236 65.434
19.173 25.172 70.735
18.652 28.379 40.653
34.429 24.688 20.959
38.978 36.040 40.171
40.498 8.412 90.572
23.978 18.682 63.734
29.341 2.985 29.556
11.408 17.305 90.532
29.408 30.138 90.605
16.743 16.896 91.387
13.344 16.524 58.057
15.142 30.348 75.535
30.455 30.577 14.932
9.007 11.904 69.044
37.445 15.714 52.765
5.375 37.297 21.307
21.718 27.193 44.852
28.506 4.617 8.956
4.031 2.112 36.508
13.289 28.891 15.267
16.794 3.714 68.574
29.997 8.948 70.402
25.628 27.196 55.399
4.932 22.815 5.962
39.983 19.561 97.997
30.115 22.238 68.992
28.712 15.884 39.862
2.998 33.391 17.956
3.433 13.422 79.448
9.499 13.876 49.466
1.366 18.595 51.786
25.238 31.342 41.107
14.992 34.706 95.232
25.932 40.891 6.347
23.514 35.542 39.676
13.256 12.369 3.670
25.503 16.647 2.862
2.241 19.228 86.794
38.471 17.076 73.729
25.464 33.335 88.542
24.304 24.801 8.901
32.727 19.488 60.062
24.577 23.768 82.606
27.910 14.743 2.022
11.692 14.663 24.209
31.841 15.870 87.987
5.674 30.023 63.893
36.758 8.321 54.557
37.080 32.203 97.521
8.895 37.062 80.742
39.136 34.952 90.035
26.148 8.418 62.693
11.600 11.026 74.220
32.524 7.837 72.389
20.238 4.259 81.654
35.214 5.986 31.747
23.933 19.919 77.205
8.675 30.111 100.503
1.614 26.905 70.164
7.966 3.885 28.497
28.065 34.557 56.666
15.849 32.180 24.252
26.529 10.267 21.460
39.842 12.270 3.289
31.769 7.073 5.697
1.370 14.943 65.388
14.730 17.583 42.652
4.627 22.807 70.927
14.520 27.301 88.625
22.419 23.801 6.399
19.631 11.399 43.680
35.534 20.463 9.744
23.633 29.376 78.847
35.569 35.022 30.301
35.575 26.797 75.685
34.146 31.625 88.191
37.333 37.501 53.196
18.607 5.306 36.401
33.922 18.109 17.984
1.034 27.298 78.355
3.549 4.593 39.566
28.356 33.304 16.409
6.714 2.939 35.614
1.742 40.137 65.763
3.146 37.566 64.747
18.269 1.842 25.259
16.678 27.160 79.188
1.913 34.042 14.843
26.371 23.016 99.349
19.537 9.592 31.070
32.286 14.702 49.061
25.321 5.100 99.444
31.233 7.035 46.640
29.465 40.950 78.551
26.666 25.848 95.610
28.526 12.592 57.716
12.615 22.929 72.236
10.857 22.867 50.263
39.082 27.793 77.516
25.935 18.830 80.876
30.821 40.557 21.463
26.179 37.393 60.130
37.736 21.222 49.939
18.989 36.574 95.040
8.317 11.078 21.301
30.220 38.645 63.508
2.654 26.654 4.452
23.254 22.779 45.633
3.455 40.841 13.775
25.036 3.014 18.280
27.409 14.298 32.596
27.143 17.421 43.750
9.865 28.141 17.645
20.902 21.306 81.273
18.403 1.181 34.949
16.036 6.143 83.733
30.332 36.646 65.333
27.024 21.579 74.397
30.487 39.284 47.583
15.530 5.487 91.466
33.849 19.191 11.868
35.778 31.455 4.912
17.667 38.445 7.775
7.594 9.451 12.692
24.645 5.734 62.827
24.204 28.612 74.156
37.626 27.789 30.850
33.355 16.127 100.750
31.901 9.177 18.057
16.530 8.249 59.098
8.825 39.406 20.025
16.269 13.160 13.082
8.926 2.849 78.117
31.442 36.242 1.177
18.945 18.055 81.154
19.454 20.794 75.938
10.540 23.376 10.275
37.881 36.753 86.702
3.385 20.636 64.204
30.889 31.243 26.575
37.396 32.679 20.962
23.114 3.050 53.217
32.615 29.166 3.405
30.270 23.134 92.421
36.022 32.877 31.543
16.798 20.275 6.258
27.079 1.034 77.858
31.248 9.789 16.476
3.301 27.825 4.269
14.835 28.915 80.815
18.450 40.269 64.555
12.812 20.079 88.436
4.171 5.039 15.322
6.720 37.720 31.873
15.953 33.553 5.663
33.568 10.600 90.789
11.260 11.774 21.801
10.175 34.846 88.484
36.508 34.791 61.927
2.636 7.941 19.375
15.236 18.971 19.506
36.779 25.921 55.634
37.467 21.904 74.064
40.973 39.773 87.743
34.608 6.867 38.440
12.375 7.839 98.375
30.673 29.664 4.088
26.802 33.508 74.592
33.727 5.986 72.889
16.003 26.993 92.543
36.587 2.287 78.349
18.955 1.303 23.861
17.739 7.264 92.903
21.068 10.715 76.448
37.261 9.539 4.211
31.847 10.130 56.660
33.256 35.081 34.161
22.557 40.672 87.935
26.875 10.109 82.280
15.842 15.676 4.497
23.452 16.915 12.979
13.997 36.961 21.148
38.607 6.003 85.933
36.758 18.823 23.211
26.390 23.403 63.404
17.946 1.659 87.413
6.585 11.696 30.197
28.266 23.458 96.883
25.289 32.529 43.271
33.735 30.579 14.578
21.661 1.803 1.699
30.933 14.355 91.213
19.491 31.716 6.051
26.239 1.967 69.242
39.763 21.018 71.638
11.638 33.894 65.663
24.889 11.545 85.423
19.403 30.926 36.160
1.580 20.062 63.648
17.155 16.345 3.762
12.553 24.874 89.388
18.287 38.262 39.298
22.325 1.403 98.424
35.608 18.497 70.964
14.318 25.094 50.855
23.385 2.560 38.822
10.322 38.494 86.952
39.564 25.353 59.397
4.058 17.281 31.531
20.943 4.202 88.478
13.171 32.261 94.289
24.537 9.649 28.931
23.429 35.977 26.007
13.056 30.085 87.660
10.243 8.628 45.679
36.614 23.973 3.878
40.810 3.369 62.919
11.277 7.793 12.612
10.259 20.796 96.981
2.971 4.185 34.766
12.189 21.622 50.055
17.491 37.988 61.106
12.686 20.030 41.165
39.053 22.934 84.493
32.777 33.066 60.285
35.803 13.723 94.918
11.717 38.733 72.877
6.105 31.996 48.288
8.036 2.067 5.163
19.191 35.492 14.611
1.579 9.511 82.854
32.888 32.186 66.850
12.950 32.257 93.151
34.685 10.705 50.876
1.920 4.029 4.088
15.248 29.613 41.980
8.217 12.917 19.210
30.796 6.390 6.823
22.025 15.355 81.673
7.353 36.995 14.181
2.169 8.257 82.808
10.969 23.828 35.690
22.597 27.596 88.075
38.301 38.811 11.520
7.129 23.319 81.026
36.806 3.900 88.231
33.897 16.531 55.878
27.878 19.038 29.138
38.978 40.286 73.805
24.792 11.895 14.196
8.918 25.021 49.735
15.213 10.197 48.844
28.672 38.926 68.113
40.303 10.501 52.357
10.433 36.922 49.436
14.058 22.500 58.079
14.461 14.926 17.923
12.607 9.771 93.282
30.587 33.280 66.044
28.468 11.804 77.687
3.577 29.871 86.907
14.663 2.775 49.430
1.831 34.528 62.852
22.623 25.162 57.868
32.095 26.601 70.674
31.398 35.720 16.799
17.940 32.458 3.142
18.535 2.686 51.630
11.771 3.731 25.485
40.282 21.258 62.553
3.841 15.700 96.553
35.403 14.499 25.189
12.581 3.039 100.271
7.898 3.756 23.013
13.036 32.474 65.962
4.347 11.511 14.648
9.701 23.503 18.826
26.291 5.276 46.372
31.354 14.352 6.741
12.300 28.772 88.326
23.703 35.740 9.121
32.816 40.987 64.500
25.754 24.791 60.313
8.770 40.155 24.151
2.692 10.562 26.513
17.272 32.798 28.247
37.002 16.177 73.756
9.260 3.118 61.457
15.159 15.450 67.811
40.042 9.946 90.578
14.879 39.141 67.512
9.067 12.294 36.545
22.280 12.640 22.998
4.984 5.269 71.934
34.752 27.875 82.915
1.231 20.654 61.463
38.413 12.625 61.582
30.876 35.953 92.223
34.204 25.237 31.488
32.369 7.005 55.262
28.562 16.785 100.319
5.077 17.464 3.744
28.497 11.356 17.901
10.146 8.560 87.221
31.532 2.904 49.323
3.246 39.450 9.499
23.619 39.502 58.390
36.146 17.348 41.315
17.540 27.341 83.336
38.808 12.325 1.223
25.650 2.978 66.606
17.878 39.180 61.396
9.035 17.575 35.056
25.925 33.336 1.485
5.210 16.777 28.686
13.671 33.970 86.351
13.461 8.907 57.468
19.763 40.805 44.324
15.739 17.751 39.487
24.217 36.110 34.741
16.735 39.042 51.914
17.744 25.332 78.676
4.346 7.048 21.792
4.494 13.691 48.182
26.166 14.311 8.932
25.581 6.713 29.071
33.999 18.563 100.442
9.838 5.293 52.900
11.584 1.294 58.625
31.822 5.301 97.921
15.777 37.160 53.171
9.907 13.105 48.847
13.425 17.576 77.473
34.664 16.564 43.747
29.967 30.397 10.140
4.269 31.123 85.698
26.512 15.385 48.502
4.776 17.612 19.836
14.725 37.536 23.932
13.412 7.171 35.153
8.291 11.891 21.594
7.898 14.411 7.543
21.076 39.547 81.926
18.858 37.520 18.927
20.277 19.884 70.924
10.944 38.468 28.744
12.982 33.898 82.964
26.196 32.803 1.720
11.439 12.581 96.297
35.378 21.698 71.751
11.247 37.842 50.126
4.742 34.039 8.669
12.305 16.354 65.327
21.604 18.261 15.072
39.999 3.985 1.519
37.592 17.467 76.533
8.506 5.069 43.314
28.118 22.097 83.421
34.487 11.860 50.950
35.818 6.960 98.079
22.535 9.827 7.674
9.185 8.909 20.291
8.981 39.271 60.349
30.552 12.775 68.983
32.445 37.853 93.843
34.773 11.359 11.544
3.476 37.151 15.832
36.710 15.377 96.669
16.263 14.258 69.456
36.502 16.204 44.327
27.986 11.684 49.283
22.114 33.082 80.412
30.853 20.467 83.778
23.362 12.151 35.718
3.166 37.450 77.290
15.739 12.296 22.125
13.983 3.006 89.162
10.953 17.153 15.487
36.011 25.324 79.365
8.874 19.068 77.177
18.333 26.459 81.456
7.978 13.907 97.319
29.376 8.902 87.288
2.892 30.729 4.604
6.233 4.295 56.269
23.758 22.320 22.888
4.087 13.184 7.446
17.451 6.348 26.169
33.826 21.351 27.872
40.518 37.661 13.174
12.377 29.278 48.093
12.790 14.786 53.510
33.445 21.689 7.732
34.169 23.176 11.364
21.383 38.867 73.311
19.957 19.052 92.888
22.954 15.611 89.437
27.389 5.901 51.740
5.497 12.192 55.646
32.651 15.767 86.812
30.774 19.554 36.966
18.684 24.437 38.904
26.282 23.304 49.259
34.467 8.428 1.970
5.370 2.625 23.178
11.238 17.412 71.760
18.709 6.322 55.405
35.271 33.265 22.827
37.953 13.535 15.322
25.274 1.411 96.557
22.490 16.475 2.239
10.483 36.428 60.246
7.104 1.662 54.520
37.669 27.109 23.446
17.222 39.633 10.708
16.983 21.245 34.531
14.136 26.017 26.077
12.598 22.341 90.868
20.123 14.127 68.458
19.414 24.310 42.276
37.892 5.839 67.472
6.947 10.895 12.158
5.081 28.580 83.644
20.630 19.150 66.343
17.740 26.596 10.922
34.224 15.745 88.796
21.801 39.491 40.470
30.028 26.224 38.413
33.536 35.103 7.394
30.743 15.495 24.560
33.759 32.349 28.393
23.529 7.989 13.424
31.284 17.552 28.943
7.839 22.768 25.125
13.745 10.003 66.804
28.937 27.810 65.333
3.241 14.180 96.224
13.828 13.305 17.297
15.742 12.057 97.112
10.449 11.432 63.484
31.241 24.312 28.100
29.486 14.516 72.413
1.863 29.022 64.070
6.055 29.795 39.090
21.958 35.565 60.194
20.807 2.232 68.177
23.139 14.984 58.259
31.571 1.906 1.064
22.878 30.923 29.224
32.761 34.409 73.381
12.858 22.546 41.559
5.071 16.575 10.671
27.728 7.474 70.094
27.831 30.541 89.824
31.263 23.780 27.493
5.458 11.685 74.345
40.099 20.516 22.491
33.048 25.516 35.852
20.305 40.940 38.367
38.920 9.825 64.027
24.028 6.822 93.990
19.317 26.693 5.865
27.230 30.696 10.998
27.030 8.984 24.435
30.286 40.781 76.411
36.732 22.906 90.178
35.754 25.638 72.990
30.243 7.077 76.622
7.111 17.189 62.449
29.672 34.199 89.604
3.549 16.790 61.363
20.523 19.055 77.180
24.151 14.429 59.306
15.413 30.990 9.145
4.826 40.883 5.447
16.867 5.328 42.496
18.356 11.789 46.302
9.999 11.453 65.174
36.724 36.159 45.932
17.468 10.283 97.442
30.575 14.669 73.304
25.135 25.858 90.422
28.299 10.425 11.880
22.267 29.620 57.795
1.604 21.436 46.845
39.834 36.586 71.238
10.833 5.142 27.667
19.652 25.271 5.907
16.447 5.666 100.817
30.597 2.633 1.439
28.210 39.257 71.663
31.035 6.643 68.827
25.510 27.519 98.601
3.844 37.296 87.132
26.140 36.560 58.515
7.088 36.945 58.390
11.518 8.019 63.529
34.373 27.811 86.864
18.941 40.319 67.012
29.350 3.329 82.597
30.876 39.966 84.535
13.565 5.706 21.551
12.671 38.911 85.249
10.991 9.637 87.618
18.236 9.229 93.874
31.133 16.600 38.474
23.319 26.229 95.107
30.450 30.442 39.871
23.008 40.209 63.798
14.107 18.201 63.734
28.827 20.605 67.839
11.734 5.190 7.519
6.591 19.159 19.027
26.860 35.271 27.609
33.704 25.996 92.681
5.091 11.168 50.715
29.045 29.165 11.959
15.880 20.272 97.103
4.954 19.180 10.317
21.829 14.039 80.052
33.966 30.513 57.395
3.069 8.494 100.087
18.088 26.737 73.143
37.030 34.718 92.534
20.319 20.192 73.750
31.309 16.358 75.462
11.960 15.516 4.122
33.890 31.316 44.468
9.971 4.298 27.572
26.028 31.691 33.615
11.188 20.399 76.188
23.477 14.916 70.631
39.685 17.067 28.268
36.555 24.695 61.662
14.894 33.057 83.977
33.600 17.937 9.127
26.296 40.302 69.868
20.971 8.371 57.728
10.535 35.480 29.892
40.583 33.798 41.251
13.869 16.947 66.758
38.235 37.155 28.769
31.547 22.028 96.227
37.681 26.698 5.791
11.542 12.546 80.247
11.323 12.481 36.191
37.576 33.739 25.339
13.886 10.193 97.118
10.820 38.344 82.799
5.136 24.090 23.736
16.038 8.656 79.710
36.869 13.370 6.417
31.081 29.772 56.849
22.917 15.744 11.941
3.755 31.925 3.725
13.806 13.333 15.496
22.037 14.089 75.071
24.940 24.182 93.587
27.418 29.392 59.129
3.871 12.790 2.462
31.887 40.897 58.955
13.210 20.004 14.495
21.624 8.489 55.958
16.090 21.438 68.733
29.930 29.307 62.580
5.934 39.279 74.064
3.255 10.118 50.883
6.347 39.957 46.668
32.385 25.489 78.471
25.504 34.575 29.877
40.922 35.305 34.781
7.292 5.308 97.292
40.154 24.376 12.383
3.739 14.238 40.824
18.234 30.377 81.456
24.868 36.124 57.368
37.294 9.236 23.922
8.165 18.576 33.038
9.671 34.390 79.368
35.245 16.922 45.319
38.950 2.908 79.842
13.024 21.779 23.095
27.748 12.587 18.246
35.889 19.893 85.280
37.471 24.411 16.931
18.841 28.281 82.784
40.282 39.618 52.445
4.519 3.029 58.686
35.501 24.707 61.335
24.221 12.320 79.863
16.486 36.265 12.954
39.718 3.310 42.804
14.754 15.342 1.198
13.682 9.462 79.185
20.631 3.445 89.900
16.904 23.744 45.523
29.263 23.742 59.510
25.249 8.821 38.523
32.041 37.233 57.429
33.484 32.955 95.824
31.807 8.885 63.999
21.557 34.733 83.513
30.167 28.625 62.873
16.861 36.135 99.279
22.315 11.120 61.005
28.231 26.632 96.068
23.490 11.852 52.018
9.106 36.039 17.987
6.961 29.884 70.152
23.272 25.886 100.646
40.998 24.928 52.393
22.008 2.827 84.264
36.707 23.044 26.700
1.214 38.331 82.750
4.993 6.233 86.449
16.264 31.493 7.525
14.062 1.647 8.511
15.793 1.250 24.011
23.984 30.858 36.469
18.576 5.590 83.699
16.790 13.795 94.429
24.886 23.575 88.271
24.391 10.456 33.160
10.363 26.072 66.542
27.313 31.417 50.962
21.460 8.022 42.987
19.840 40.375 89.702
1.886 3.931 10.259
16.575 13.687 94.228
34.293 23.940 50.419
16.788 37.789 53.196
5.505 35.438 42.792
31.113 40.829 23.883
2.207 19.614 12.838
15.218 14.610 95.397
1.817 38.690 79.121
32.067 32.051 76.072
25.565 2.762 6.283
23.161 28.907 14.532
12.457 30.257 34.009
14.908 21.391 92.147
38.786 37.998 87.132
23.808 38.589 70.176
13.266 40.636 43.512
38.612 25.188 50.104
7.625 29.984 5.895
13.939 21.110 22.958
1.618 7.297 54.679
13.034 34.948 55.595
14.974 1.049 12.652
12.431 22.943 1.079
31.627 4.056 92.757
33.242 9.350 39.362
18.916 32.001 88.408
37.605 22.547 65.422
10.994 25.516 65.348
29.553 39.148 58.027
6.805 14.893 86.842
32.131 30.636 95.186
33.257 5.352 12.817
2.016 38.703 45.032
9.113 26.500 20.770
14.285 31.427 65.898
39.160 7.159 64.411
8.106 17.913 8.691
16.781 31.241 77.705
34.266 28.680 41.699
20.940 26.637 9.353
12.365 8.293 24.164
25.849 2.307 98.903
14.349 40.241 53.742
3.228 23.850 42.423
6.752 16.915 16.253
13.091 9.743 6.240
11.611 24.852 86.595
14.362 24.320 93.261
30.438 2.024 79.915
26.427 4.229 11.358
21.996 24.981 44.556
1.824 27.688 98.879
17.813 4.027 35.297
33.834 5.324 91.359
24.442 29.415 19.693
25.578 2.710 28.705
23.440 25.621 64.283
34.544 22.899 65.510
23.853 39.363 33.542
3.047 27.337 21.521
32.716 34.815 25.296
36.233 20.534 57.301
31.634 1.835 74.293
19.478 12.606 43.705
26.982 4.594 93.346
2.002 9.616 76.207
22.568 14.034 1.363
37.448 29.127 28.134
31.841 2.981 22.104
10.854 22.887 3.567
6.756 22.503 39.258
19.259 34.887 3.136
17.421 7.217 74.980
15.440 16.196 16.952
15.402 20.805 32.507
15.983 23.136 70.842
19.357 15.856 21.942
40.832 7.206 37.344
19.162 9.451 83.659
36.890 29.106 44.315
29.205 12.490 49.112
8.040 19.808 33.585
17.827 1.859 46.137
13.005 14.295 2.895
23.077 34.856 77.876
26.076 22.971 68.403
40.086 20.069 93.850
28.585 27.095 75.020
37.218 23.105 40.451
16.251 32.822 20.428
12.111 3.976 39.453
14.207 18.479 7.989
19.292 20.946 8.801
32.505 6.654 66.548
33.733 17.830 23.092
35.271 31.543 34.042
4.118 3.427 23.709
21.506 17.653 58.991
20.924 37.749 43.561
9.614 23.595 92.046
22.617 25.123 20.938
26.252 19.072 81.523
13.381 24.001 53.675
28.053 39.600 14.254
12.692 2.449 1.345
16.947 6.604 19.110
25.921 1.801 91.826
31.533 35.682 37.497
20.838 23.874 41.803
32.891 7.723 25.436
22.465 14.368 71.501
18.687 31.467 48.124
3.185 21.768 93.813
19.134 26.709 22.647
11.342 32.009 100.722
17.532 10.001 20.123
34.755 19.647 66.700
1.649 14.136 17.691
40.678 40.954 53.208
35.049 3.992 55.790
35.659 28.552 42.258
24.770 29.574 69.648
12.603 35.718 63.206
18.410 27.135 88.304
23.020 6.322 17.697
14.637 26.213 92.394
15.056 18.729 65.788
1.597 9.260 55.588
37.324 33.511 23.797
32.421 26.228 27.008
9.891 10.961 54.569
31.158 34.071 4.842
31.990 39.682 15.127
1.051 35.568 68.278
16.083 17.343 78.676
4.850 38.191 37.113
34.888 33.861 79.222
9.225 26.961 79.665
26.755 30.681 50.806
16.934 30.306 51.261
30.561 12.868 61.555
36.410 19.876 81.142
38.778 17.838 88.374
23.849 29.130 96.755
31.902 21.296 53.239
2.628 26.172 44.248
33.706 11.943 59.455
24.030 18.936 94.582
30.023 16.870 38.269
26.758 10.218 78.749
8.787 14.359 55.558
5.625 1.441 35.745
11.098 14.958 47.217
37.086 32.206 45.264
16.804 30.161 62.977
15.841 2.746 16.635
8.891 5.973 14.263
17.891 3.418 78.267
33.485 20.888 54.685
5.678 34.110 20.718
21.742 39.406 84.407
35.789 22.203 53.770
11.254 18.309 74.601
3.828 25.310 5.868
2.759 8.246 67.735
9.579 39.396 86.174
18.057 22.950 36.105
33.434 9.321 6.747
31.967 7.574 87.679
7.384 21.944 88.530
20.003 11.144 6.695
5.501 17.078 11.611
39.142 40.996 20.037
34.779 3.499 80.699
6.606 34.340 100.664
2.715 1.065 22.885
26.123 28.760 69.758
17.694 30.688 79.707
17.330 14.426 51.618
27.373 6.480 60.911
37.310 11.240 82.210
23.850 33.861 56.724
8.235 18.834 86.815
27.220 28.730 20.227
27.119 21.573 35.968
26.428 31.022 95.015
37.438 19.133 75.075
32.935 16.008 37.787
33.146 1.178 13.906
13.782 13.730 33.224
28.150 36.915 70.240
20.979 15.689 82.439
3.771 31.920 99.456
28.906 3.695 28.412
28.054 40.681 21.991
15.623 3.316 25.070
8.981 18.663 94.945
22.412 28.827 23.175
23.746 17.491 75.944
3.828 32.903 98.821
23.138 15.964 8.913
22.782 27.482 51.252
29.017 23.144 34.857
16.793 7.316 8.666
8.443 12.659 9.225
27.633 29.678 65.980
25.704 34.607 2.871
31.880 27.502 99.846
7.870 8.091 88.851
39.751 23.999 25.970
35.875 8.471 84.599
8.681 19.265 44.379
16.292 33.724 41.266
11.627 18.961 22.397
24.088 9.170 61.012
32.987 36.395 55.207
18.555 33.894 92.278
