4774 4999 1145
3444 852 2235
3315 2811 206
2140 731 3625
2422 233 3174
3915 4289 3403
3059 4737 1833
3386 4632 4196
1343 4062 2089
3804 431 1061
4780 205 1060
926 3649 3265
4513 3316 1076
1071 456 3159
4696 2878 3393
2870 1794 4034
1273 4853 3771
4459 4592 4755
3655 935 169
2096 1091 600
3157 872 2158
570 3150 807
3835 4015 476
1263 86 932
774 4782 163
4167 4004 3309
4553 1629 4514
3324 2440 4106
4431 2448 1394
4601 4544 3837
201 2702 4709
2359 4624 4211
4519 4811 3226
4995 1074 3312
2279 1848 4446
2442 2368 4802
2103 1921 1432
1618 1598 224
2076 2381 2672
3470 1982 2217
2308 3536 1271
3369 895 895
2581 1766 706
807 3113 3132
472 393 1332
1270 4187 52
1073 1291 3326
3857 4261 4924
4081 1337 3657
1754 1160 640
3971 4820 4176
242 3189 1423
1137 770 4542
3195 2930 2655
1327 4754 4400
2659 1024 3588
2712 2097 1231
1038 954 1844
2314 36 4533
971 1790 693
1611 761 513
2139 2355 3703
4915 4844 825
4457 3039 107
2112 4366 4861
2865 2025 886
2805 1089 4335
4036 2127 290
2232 793 1678
1765 1765 3468
2459 4728 581
4324 3220 4288
4379 3135 4132
205 3944 2171
1664 2408 2889
1526 273 4914
3764 3078 2356
3099 3466 835
4741 2050 1629
2771 3816 4746
2591 2627 826
3172 1951 398
3812 1331 4885
2944 2888 3829
115 904 2590
4356 2430 2863
623 2546 2294
2979 1998 2112
3814 3091 4163
1795 863 2979
2893 3454 606
72 2979 3909
470 1791 1592
356 4736 832
537 1203 1737
3127 560 519
991 1183 3066
4637 514 1416
1749 680 4507
912 3828 1722
243 1721 177
2201 1793 3156
1111 3616 1299
2703 3972 2387
4888 4509 4943
1625 2637 1855
2144 4980 4390
210 969 4904
2978 2718 584
2486 4983 764
4208 226 2486
737 2428 631
245 4891 4247
1545 3946 4571
3932 3834 4081
3875 459 3070
730 3956 4402
1472 518 371
1376 3497 4441
3313 2335 776
4077 1543 2355
2915 3633 4783
3547 3878 1026
4146 423 1324
3718 708 159
4151 935 1970
3573 3018 926
4327 4490 1445
1050 2219 1294
1843 532 3629
2620 961 1524
4975 3877 157
1110 3776 4036
2136 2922 811
3460 2992 2871
4971 3495 3807
3294 2068 1825
4220 1395 2667
2017 3797 4886
3311 641 418
3292 3261 2732
4817 3236 1609
4974 4346 1737
362 2834 1011
2526 2646 4004
397 3970 2499
4204 2264 920
2381 2836 3667
49 1206 2465
4935 869 3106
1706 4162 2719
790 3979 955
2399 305 1653
488 2020 839
1499 4546 4837
1855 4943 3807
707 500 2423
1627 4233 1612
1646 4282 2818
4111 570 3687
3569 3628 2849
1288 4418 3180
3595 3169 3486
1600 3657 506
2439 1508 52
3629 3364 1347
3788 4071 3199
1212 2050 2433
2824 3696 3067
1994 4160 3637
681 2729 3617
4883 4018 4387
3063 3965 3908
2901 566 2565
4759 4357 426
4811 2986 142
2511 1775 4213
710 4339 2615
3143 2163 2663
1211 509 1823
1200 1190 4553
1170 2425 4923
557 1841 3888
4466 4742 806
3383 4502 164
3809 665 3150
303 3176 1277
868 239 616
3483 4734 2779
1147 2297 4640
2970 3498 831
3875 4668 4608
150 1577 1449
391 2395 1192
1197 779 694
1361 940 2711
864 1244 2240
2141 3464 2479
2758 1948 2213
1889 4447 4511
1530 3769 4361
3713 3997 381
3321 4147 3310
4771 4538 706
2315 2088 2837
4361 4801 129
2072 665 2725
4312 4159 1190
3143 1917 3138
1709 158 3937
2572 1688 2706
1933 1753 1703
3666 75 851
1976 1198 1741
4034 3513 181
1871 2874 4983
2001 4946 2000
4726 611 1159
2268 3754 4428
406 1815 4587
695 4387 2627
3402 2672 4381
105 1338 808
2308 4667 2006
402 3701 1871
583 573 4745
566 3926 1043
2567 4 3006
78 2273 3113
4507 4031 4928
4094 4727 668
3073 3129 3340
2454 4586 1031
4614 3247 698
2972 3649 751
4843 4232 1324
940 1151 1602
3336 70 1607
1342 148 232
4455 4655 4263
736 101 3990
1404 3175 3471
4744 1981 4410
775 1596 2657
2825 4568 1306
3577 764 1890
1253 1704 4393
2856 40 4463
815 2735 964
1047 2190 619
1662 4278 2073
2005 682 248
476 1779 2229
1238 2554 3825
3895 1732 4746
1553 309 510
3444 2914 3566
4189 770 4959
5 2937 2694
969 3984 1236
2940 647 515
13 2652 2549
261 4480 4328
3843 719 3235
2668 966 4967
3766 2520 1628
4276 2316 4542
4195 1505 1665
4154 1510 954
3200 3831 1291
4436 1772 1938
1303 3137 942
3853 3399 1774
4533 3594 3845
2768 1262 4812
4087 1381 2332
2067 2009 1000
1610 1204 2505
4627 1710 368
581 4910 4199
1872 4347 2323
162 2002 461
2456 2207 212
583 1741 3806
780 4509 1420
592 4949 2801
4276 2016 4811
276 4978 1015
4134 957 4078
854 2891 3988
53 1115 4687
3729 2630 1690
4190 86 249
4402 2021 1990
4560 2802 2852
980 4746 2801
3782 4023 1169
4945 651 1148
2312 1137 2105
1390 1991 4996
379 3397 1112
1418 2126 3742
4460 2668 180
4710 3422 3554
1700 2982 1356
4552 3962 2454
3705 4096 1477
4875 393 3481
1023 2706 4618
4480 448 2962
4477 827 1359
1941 3598 4837
2035 3058 2505
2215 2768 927
769 4469 3909
3477 373 4223
932 431 4672
3761 1658 65
2242 2681 4123
3213 3513 4572
1175 4342 1751
3886 1283 349
3723 3318 3408
1228 1886 1176
2155 2655 1997
2416 2485 2371
2991 3417 4154
4015 2178 812
433 773 4845
4556 338 3358
480 2865 2701
2232 1751 336
3933 474 7
2341 3054 1893
4870 1561 900
1867 3977 3385
590 3320 1802
4744 2336 333
556 2769 2458
401 3677 2796
112 4158 661
4165 2742 3764
4501 1675 4238
4508 4017 3644
2753 239 205
3654 2106 534
3391 2697 3854
1546 2441 2542
1879 4350 1663
689 1103 341
3485 1215 851
498 1732 3593
4262 1234 1620
4852 2094 1989
3496 1200 2228
3701 4854 4335
587 3245 3384
4441 4791 2177
3336 3022 1527
4999 3711 3983
1692 3548 198
3895 398 1931
3840 4660 4517
461 864 2963
2450 4360 4163
1031 4413 369
1718 0 4967
102 794 1110
2279 482 4133
3807 481 4196
4142 3526 4097
4340 2421 4495
2623 1262 508
3492 3075 1372
2808 1877 2085
1971 2908 1498
3693 4626 2851
3660 4728 4997
4770 3360 479
255 3519 960
4452 2661 838
3549 3353 3260
4396 977 874
4904 821 3949
1277 3629 826
4714 1953 87
1212 646 4713
415 658 794
412 428 4154
891 684 2673
3204 1488 1686
4042 1389 39
3654 785 1016
4528 2042 3190
4829 4671 3171
2008 4385 124
2095 597 2122
3160 2365 2780
306 2777 3209
812 21 245
4837 3225 1733
1523 3619 3122
1563 2274 259
3931 3154 2301
2121 4336 1972
293 1344 1357
1769 3439 3307
3892 2951 2024
1672 3258 4801
1233 422 1174
1478 260 751
4563 1783 4371
4037 4698 2997
4297 3630 2503
2950 2103 1839
4923 3748 3183
2632 518 2974
2291 4410 926
4315 2434 536
469 20 958
1643 1498 2570
2395 1062 4354
3118 99 4052
1115 748 4034
4970 3699 1138
1810 4974 4886
1345 3958 404
4320 2602 1166
1598 1917 4953
3486 2386 4973
4444 382 1471
2015 2777 3885
2721 2247 337
3125 3362 2437
2160 3332 1136
3298 1494 2462
3184 2840 1421
4941 2160 375
2459 110 2292
2412 3596 1031
2385 4392 2765
209 2759 1894
446 1832 4141
2135 4958 2503
4573 2118 2187
709 1768 34
4524 1304 2874
2297 1245 1386
2672 57 1496
1316 2469 1444
2347 1207 836
1464 2768 4948
3358 4566 1780
2499 1702 3090
1354 1275 1560
4894 3336 3328
4928 4212 985
2802 1509 3582
540 4181 3639
3388 1850 2461
4832 549 3668
2020 2014 2788
3320 372 2354
101 2872 408
3191 578 1683
1104 472 1372
4432 400 584
417 4554 3446
352 94 3979
3991 3482 829
1452 4666 1379
1472 1687 3393
4260 7 117
2967 1460 4341
3375 1004 4920
1411 2108 1744
2783 2892 3497
4719 4662 3051
4517 14 4498
3497 4005 4332
4326 1810 3999
2057 3282 2038
1802 2543 3397
1920 1862 1210
1261 237 3566
2533 1648 674
4278 783 4918
2775 1855 932
2178 1372 946
1676 4869 1304
2361 548 4466
2712 2605 2748
1102 760 1643
4499 2680 3505
2061 293 3743
627 4179 1743
2653 3457 3879
2572 2584 734
4856 4762 3458
803 2791 3328
3459 1504 228
2925 4216 4185
2025 1670 4945
3669 2521 3977
3526 4583 623
3621 210 4802
365 4216 4611
596 1788 2195
1330 2996 3309
1140 3799 2452
4468 3610 308
1048 2887 876
234 1265 2546
1531 1286 68
1861 4812 4651
2484 3434 1213
3638 151 429
3249 747 3569
1796 3429 1566
1457 4569 1717
262 390 1680
570 1438 919
2799 3024 2184
345 908 3470
413 2769 4635
1416 1605 4421
3982 243 4572
4411 4844 1671
4333 1640 100
2251 4449 4669
320 4711 59
2000 1634 2850
4272 4433 2226
1456 4778 3134
1279 1544 2255
2266 2960 212
1687 3294 455
1259 2706 299
2930 3391 3291
4382 642 2741
4051 2314 3804
463 4315 438
4665 3587 4871
1891 1395 1002
1378 4026 3898
4985 1292 3210
198 4331 1505
2005 590 563
3657 4872 3954
1948 4254 948
4689 4658 3262
3494 1473 3929
284 1138 3868
1508 4381 264
3862 2111 642
2760 3449 3287
970 3647 2618
2475 2004 3209
3038 661 4433
3344 2610 40
4292 3651 1050
3907 3497 2523
2836 134 13
1705 1642 746
3321 504 2858
3963 3264 2659
2250 586 2658
1221 4414 4662
782 2452 324
215 2149 4286
1607 1441 4289
2657 1700 4139
180 4537 4273
1545 2594 915
2292 915 2771
1502 1230 2387
4161 4833 2973
1819 1054 2387
1481 3188 1192
3157 3403 3341
3795 1363 1134
3085 4020 2835
2224 553 3724
2849 2098 1318
3764 742 3585
2887 2244 1167
274 1405 2352
4599 4576 4758
1987 1058 2946
4531 567 1350
4224 4363 2713
358 3800 3085
4545 2376 3638
4621 225 2089
2291 341 2831
2228 3228 1428
3396 4854 4185
748 4453 3762
507 2792 1172
3453 3675 1739
1155 2899 2454
220 4610 2606
4658 507 4982
4648 129 1559
1737 3772 3252
921 1001 2832
3701 4397 2686
2886 1497 3492
1648 3356 2636
4172 3162 1312
2264 669 4211
4718 2242 173
3677 1900 681
11 1548 2162
1571 4638 934
1175 1911 3287
4008 612 4036
3046 4850 534
1538 2851 242
4175 2023 3404
1839 4287 4074
2402 358 2668
2576 4035 4568
4609 4046 2468
3123 1969 2106
409 3145 369
3697 2153 2333
2733 1551 2184
4619 3090 35
4862 3617 2058
4618 1808 2698
44 4210 3056
2712 3138 2091
2280 4099 2489
1101 2222 4459
3207 3984 3956
4929 4033 2461
2262 3118 4012
4446 4090 3454
4481 3952 2071
2892 4922 231
590 4967 4442
3646 4031 2580
2089 2664 3032
930 3765 254
1741 3324 590
697 3253 4623
4510 516 4094
3523 4962 3184
1977 796 2136
401 40 3410
632 630 4729
1426 628 3761
4007 4069 1425
2039 4999 190
3645 1741 3514
588 3790 3120
211 3301 3636
4305 3176 4950
2489 153 2098
977 1906 2138
740 2539 2768
469 3965 3396
4230 4324 2465
2007 2715 3817
3549 2713 1910
2064 3301 700
184 4864 353
172 522 3529
1474 4363 35
3573 1693 1941
711 2433 832
4832 4254 1150
4580 4837 474
3398 1844 4542
2215 394 3607
4125 3810 1908
1177 346 3124
1531 518 3646
1412 1992 4362
1447 1917 1055
4741 2629 3488
573 3813 2742
1723 3393 2579
3550 3143 776
4444 358 2522
3051 835 1332
1311 2013 3030
4435 4896 3548
4434 2660 1892
3796 4108 162
4851 201 4143
4691 774 2956
3785 3850 2701
2717 2400 845
3493 3196 1203
1015 1247 3391
3699 3910 1756
1729 4697 3004
1629 4131 664
4873 4279 1124
35 482 1325
4178 173 3452
2134 3959 2302
4836 3028 1054
2033 1521 4250
3236 3888 497
2979 3939 759
4735 668 456
2739 2297 4588
3404 3522 219
880 3558 702
2206 2736 875
658 1223 1186
2960 2411 4214
4014 4444 2087
4616 4032 2327
1465 2012 1266
2224 1747 3286
2680 839 1935
3620 595 458
3840 1475 4016
4542 33 1752
1769 2043 4327
4308 1355 1738
4874 369 2534
1962 1337 1567
641 2802 3579
3260 26 1678
1546 2707 2517
3482 2679 3112
3940 1519 940
2956 2413 973
1060 4183 3017
1740 3491 4372
3478 3365 1094
2365 1679 2431
3932 3673 234
3863 1933 1612
541 3479 671
4411 1961 3351
3875 2253 4870
4815 209 3636
2141 2622 4171
158 4362 2662
882 4192 2379
3328 1557 411
760 489 436
2346 704 2369
310 1246 848
982 2009 4162
4333 884 1415
555 2052 2977
4191 4193 1951
3362 703 1313
2376 1585 1857
1108 4914 3415
2871 2026 256
3307 724 961
676 1034 3559
2876 2016 568
3390 1349 1452
1158 3257 4856
4135 3800 4049
2438 2163 4752
3751 891 2690
608 3351 3956
375 2574 982
632 881 1706
1593 2909 2740
1504 2138 1109
2072 1880 3810
4876 3038 2067
4733 3525 868
3782 963 4383
4887 1066 274
2577 1675 4978
1533 3402 2552
3867 4034 4786
1925 1979 2695
4665 3483 1185
2126 1907 3066
937 1784 2456
3004 1517 982
3872 1651 1945
3255 1538 3012
4882 467 1039
1212 2000 4441
3764 2219 4828
3550 4144 3159
2598 162 2995
135 2288 4902
3201 3225 1686
2010 2582 3203
2992 1454 1207
1289 1062 2745
653 2296 3213
3044 3508 1565
3838 3624 137
3666 3527 4281
3177 1125 4443
1172 1260 1732
1075 814 1309
2761 2824 3891
2317 2168 1698
3524 3457 4112
2621 463 1408
2186 3507 1268
104 2345 1244
241 2363 4771
4522 541 896
3966 3065 3509
2050 4140 675
4711 3254 4851
3603 571 3371
301 447 3180
765 4420 3643
2173 1607 3503
4793 1711 2200
1037 1952 4564
809 2826 1457
3057 1792 4522
2918 194 15
4945 4906 3269
1148 4861 192
4519 1514 639
2700 2279 59
2695 804 3018
1198 597 4729
4751 2986 3033
667 147 860
2124 4557 4004
2998 2475 551
3013 2421 457
2634 3569 1670
2826 4441 3184
3465 2141 463
4877 1188 1267
2895 3739 3216
3977 3490 2554
3362 4157 2702
574 2633 2259
4579 631 1086
130 4997 4859
1939 2631 4781
3609 458 4222
3145 275 2715
3608 1504 255
1227 752 3994
795 4729 2484
3349 4443 1641
2403 18 4274
1014 949 1258
3453 1079 1255
3312 4370 238
4445 4331 696
19 2476 2324
2734 1084 3828
2990 3663 4580
3336 4458 661
821 4159 105
3814 2915 123
4441 281 1072
699 3734 3503
3306 3399 4225
4896 2844 3556
1945 2864 1032
4269 1950 3468
3097 1292 3483
2678 4629 4293
3339 1802 3452
4796 1968 2719
1271 1409 3001
3695 3460 1735
2198 3118 134
2775 3015 2979
1331 4960 2195
3715 4229 4145
3535 3678 438
2018 1356 67
2663 1048 3221
1116 2196 189
187 3468 1599
3188 2163 1411
4924 714 4530
1410 3489 3897
741 1173 3857
2936 4888 4438
2082 4776 4468
3872 3146 2177
291 810 3225
3512 3278 421
3701 3465 3889
1652 1654 2405
4416 2930 3119
3946 4340 1608
4195 1434 2781
4404 4370 4022
3842 2804 3798
3310 3028 3296
487 3319 4106
64 3183 2384
1838 1885 850
2079 4889 3856
4484 4305 1786
2603 4603 2478
564 3798 3912
4697 3202 4635
3719 3396 3791
3869 3059 1820
2166 4898 139
2624 1315 3323
9 3153 1560
2211 1584 2801
2419 1069 2107
557 24 3062
3035 1940 1861
3300 1638 1415
4287 1709 1164
3078 1931 4223
4898 449 473
38 3073 1788
4713 4434 1293
1273 1645 2878
4074 416 299
2533 973 323
596 4009 2264
3809 3661 254
224 2948 3315
1388 1026 246
1963 925 695
2437 2315 121
577 2028 4555
1871 3301 2553
1101 3727 2969
1400 1261 3943
1723 3209 4304
339 2018 4317
1945 2242 2265
261 4983 4643
1859 3298 1920
3907 2087 4235
4028 2665 2615
4935 888 2268
3840 1989 996
1810 3389 3609
2105 1464 1818
2761 3156 3836
2078 101 2430
695 1714 3765
338 3574 2064
3611 2481 4151
2846 2861 3168
462 4148 408
4082 2989 2397
78 1151 2138
39 3256 3603
1857 1017 3111
2045 4447 3212
828 142 1279
4593 480 4853
3009 4091 3686
3513 3290 2899
1681 104 2047
2090 4186 1388
839 617 2539
2978 2008 795
2933 3866 3164
1044 2263 2611
608 3091 2753
1887 2685 4586
3092 694 29
3130 4207 4671
2381 2241 4775
781 683 314
2169 1522 2283
4709 852 4291
1856 3785 4509
1373 1181 1773
336 3142 1216
3090 1381 3901
4028 826 948
409 308 1507
81 2690 100
1208 3471 783
1522 1992 3658
157 1701 4510
4449 4910 4648
310 2635 2181
3435 2971 323
4652 1061 3057
4905 1441 3883
2205 1851 4191
3713 3284 1881
3813 4492 1704
949 2367 3697
4607 2524 1750
4117 3325 3012
117 4988 647
2299 3423 3619
2622 3075 1032
2031 4333 2474
914 1538 677
1458 251 3961
4691 417 4805
1396 2718 2172
1445 2325 1049
4547 2794 726
2560 2912 714
3207 211 4138
3178 4185 3565
4211 1217 2898
3037 3483 4437
66 4941 1040
379 4633 2809
184 2381 527
2357 178 2852
3406 4725 647
4132 2285 3559
1199 1845 122
337 23 4307
3902 4234 524
3153 3623 4008
2590 3689 301
